0 0
0.01 0.0023411
0.02 0.00467773
0.03 0.00700545
0.04 0.00931994
0.05 0.011617
0.06 0.0138927
0.07 0.0161432
0.08 0.0183651
0.09 0.0205552
0.1 0.0227108
0.11 0.0248296
0.12 0.0269096
0.13 0.0289496
0.14 0.0309485
0.15 0.0329062
0.16 0.0348229
0.17 0.0366996
0.18 0.0385379
0.19 0.04034
0.2 0.0421089
0.21 0.0438482
0.22 0.0455624
0.23 0.0472566
0.24 0.0489368
0.25 0.0506094
0.26 0.0522821
0.27 0.0539629
0.28 0.0556607
0.29 0.0573852
0.3 0.0591468
0.31 0.0609564
0.32 0.062826
0.33 0.0647679
0.34 0.0667952
0.35 0.0689216
0.36 0.0711614
0.37 0.0735293
0.38 0.0760406
0.39 0.0787112
0.4 0.0815571
0.41 0.0845949
0.42 0.0878414
0.43 0.0913137
0.44 0.0950291
0.45 0.099005
0.46 0.103259
0.47 0.107809
0.48 0.112671
0.49 0.117864
0.5 0.123405
0.51 0.129311
0.52 0.135597
0.53 0.142282
0.54 0.14938
0.55 0.156907
0.56 0.164878
0.57 0.173306
0.58 0.182206
0.59 0.191591
0.6 0.201471
0.61 0.211858
0.62 0.222762
0.63 0.234193
0.64 0.246158
0.65 0.258665
0.66 0.271718
0.67 0.285324
0.68 0.299485
0.69 0.314203
0.7 0.32948
0.71 0.345316
0.72 0.361708
0.73 0.378654
0.74 0.396149
0.75 0.414187
0.76 0.432763
0.77 0.451866
0.78 0.471488
0.79 0.491616
0.8 0.51224
0.81 0.533345
0.82 0.554916
0.83 0.576936
0.84 0.599389
0.85 0.622255
0.86 0.645515
0.87 0.669147
0.88 0.693131
0.89 0.717442
0.9 0.742058
0.91 0.766953
0.92 0.792102
0.93 0.817479
0.94 0.843057
0.95 0.868808
0.96 0.894705
0.97 0.920719
0.98 0.946822
0.99 0.972985
1 0.999178
