0 0
0.010101 0.00239018
0.020202 0.00477147
0.030303 0.00713522
0.040404 0.00947317
0.0505051 0.0117777
0.0606061 0.0140421
0.0707071 0.0162603
0.0808081 0.0184278
0.0909091 0.0205409
0.10101 0.0225976
0.111111 0.0245968
0.121212 0.026539
0.131313 0.0284262
0.141414 0.0302614
0.151515 0.0320489
0.161616 0.0337943
0.171717 0.0355039
0.181818 0.037185
0.191919 0.0388456
0.20202 0.0404942
0.212121 0.0421397
0.222222 0.043791
0.232323 0.0454574
0.242424 0.0471476
0.252525 0.0488705
0.262626 0.0506346
0.272727 0.0524478
0.282828 0.0543179
0.292929 0.0562519
0.30303 0.0582568
0.313131 0.0603389
0.323232 0.0625045
0.333333 0.0647597
0.343434 0.0671106
0.353535 0.0695636
0.363636 0.0721255
0.373737 0.0748035
0.383838 0.0776059
0.393939 0.0805418
0.40404 0.0836219
0.414141 0.0868579
0.424242 0.0902633
0.434343 0.0938534
0.444444 0.0976452
0.454545 0.101658
0.464646 0.105912
0.474747 0.110431
0.484848 0.115238
0.494949 0.120361
0.505051 0.125828
0.515152 0.131666
0.525253 0.137907
0.535354 0.144581
0.545455 0.15172
0.555556 0.159353
0.565657 0.167511
0.575758 0.176224
0.585859 0.18552
0.59596 0.195424
0.606061 0.205961
0.616162 0.21715
0.626263 0.22901
0.636364 0.241555
0.646465 0.254794
0.656566 0.268734
0.666667 0.283378
0.676768 0.298721
0.686869 0.314757
0.69697 0.331474
0.707071 0.348856
0.717172 0.366883
0.727273 0.38553
0.737374 0.404769
0.747475 0.424569
0.757576 0.444895
0.767677 0.465712
0.777778 0.486979
0.787879 0.508658
0.79798 0.530707
0.808081 0.553086
0.818182 0.575753
0.828283 0.59867
0.838384 0.621797
0.848485 0.645098
0.858586 0.66854
0.868687 0.692091
0.878788 0.715723
0.888889 0.739411
0.89899 0.763134
0.909091 0.786873
0.919192 0.810615
0.929293 0.83435
0.939394 0.858069
0.949495 0.881768
0.959596 0.905446
0.969697 0.929105
0.979798 0.952747
0.989899 0.976377
1 1 